K-means 50 clusters (centroid seeded)

Complete documents
purity : 0.876
f1 : 0.900622195747
entropy : 0.583970469182

Sum100
purity : 0.66
f1 : 0.498078380723
entropy : 1.20295201143

Sum10
purity : 0.1695
f1 : 0.0812850411753
entropy : 4.30810132307

